c_wth = 1.6;%水位到水头的系数 
Cost = zeros(375,20);
Profit = zeros(375,20);
%y = [959.9836076	947.5169843	937.2571807	928.9323281	922.2705575	917	912.8487868	909.5450491	906.816918	904.3925246	902	899.3674754	896.223082	892.2949509	887.3112132	881	873.2173114	864.3306228	854.8352785	845.2266228	836	827.627279	820.4864268	814.9319352	811.3182957	810	811.0815727	813.66767	816.6129809	818.7721945	819	816.4384302	811.3788934	804.4001414	796.0809263	787	777.7247064	768.7767566	760.6664536	753.9041004	749	746.2387442	745.0020803	744.4460442	743.7266721	742	738.6323167	733.8309223	728.0133695	721.5972111	715	708.5519889	702.2342306	695.9404778	689.5644834	683	676.1837277	669.2241554	662.2727192	655.4808554	649	642.9931003	637.6691479	633.2486453	629.9520951	628	627.507871	628.171253	629.5806996	631.3267641	633	634.3274157	635.58184	637.1725563	639.5088484	643	647.750466	652.6453871	656.2650752	657.1898421	654	645.7827201	633.6526116	619.231143	604.139783	590	578.0306535	567.8401665	558.6343527	549.6190259	540	529.2226658	517.6907225	506.0474463	494.9361134	485	476.7266832	469.9809435	464.4718621	459.9085205	456	452.4946014	449.2975036	446.3531051	443.6058044	441	438.5429113	436.4930422	435.1717174	434.9002617	436	438.6537533	442.4903277	447.0000254	451.6731487	456	459.5780755	462.4336472	464.7001812	466.5111434	468	469.3059448	470.5910836	472.02325	473.7702776	476	478.7741452	481.7300184	484.3988189	486.3117463	487	486.2534743	484.8968428	484.0134743	484.6867371	488	494.5319577	502.8426103	510.987284	517.0213051	519	514.9786949	503.012716	481.1573897	447.4680423	400	401	402.5507347	400.7153673	397.0046327	392.9292653	390	389.2408367	389.7288367	390.097694	389.9785513	390	390.5729787	391.0643461	390.6190832	389.2824531	388	387.4688655	387.2360082	386.5934711	385.5837914	385	385.2951383	385.4317685	384.0735126	381.5786265	380	380.6950709	381.9447506	381.3637052	378.93298	377	377.2838537	378.5787397	379.0103596	378.1470935	377	376.3908805	376.1336056	375.8053297	375.3343287	375	374.9884729	375.0517391	374.8482568	374.3815083	374	373.9517401	374.0227412	373.8942651	373.494788	373	372.5598886	372.1786371	371.8314545	371.6655235	372	372.9587007	373.8541778	373.8340982	372.9185414	372	371.7659218	371.9318528	371.9819202	371.6660567	371	370.076204	369.2477608	368.9127852	369.0062528	369	368.5409347	368.0567982	368.1410724	368.709483	369	368.4568823	367.4674146	366.6382278	366.1985086	366	365.9114171	365.9350064	366.0981169	366.2376379	366	365.1909564	364.2866756	363.9034086	364.0244224	364	363.353973	362.4144519	361.6936034	361.3122759	361	360.5566651	360.1316513	359.9510387	359.99544	360	359.6873387	358.7726662	356.9969388	354.7358839	353	352.5220769	352.8136756	353.1021048	353.0989353	353	352.973738	352.9947928	352.992529	352.9692103	353	353.1102545	353.113424	352.7853011	352.2540086	352	352.3378251	352.8571438	352.9856862	352.5949098	352	351.4832969	351.1185894	350.9263051	350.8987284	351	351.1563311	351.1471075	350.7265855	349.9152871	349	348.2653382	347.940915	348.2218917	348.8272916	349	348.2544035	347.2737019	346.995898	347.4987958	348	347.8803109	347.322911	346.7046802	346.2438495	346	345.9819495	346.0230517	345.9176253	345.5710967	345	344.2429814	343.4078121	342.6220735	342.0715041	342	342.4917898	342.9823184	342.775404	341.8779609	341	340.7060764	340.8566458	341.137582	341.2679487	341	340.2172804	339.3227234	338.8307434	338.8333203	339	339.055849	339.0214823	338.9888252	338.9905349	339	338.9966056	338.9940287	339.0128098	339.0341677	339	338.8966296	338.89492	339.1985117	339.703813	340	339.7882093	339.2708514	338.7663538	338.3792142	338	337.5543007	337.1449994	336.9144421	336.8931861	337	337.1320006	337.1191403	336.7878358	336.2693918	336	336.2777083	336.7949642	337.1072596	337.1022989	337	336.9799152	337.0023592	336.9777981	336.930793	337	337.2251044	337.230065	336.5579144	335.2808031	334	333.2195462	332.9625513	333.1290036	333.5524507	334	334.2565418	334.189653	333.6961355	332.8695067	332	331.2840384	330.5085912	329.3768935	328.0206429	327	326.7199952	326.8906241	327.0603736	327.0594944	327	326.979895	326.9921456	327.0043375	327.0042789	327	326.9985346	326.9994138	327.0003517	327.0004103	327];
